B   1 Headquarters~ 1 1 1 1 1000 1000 1000 1000 0 0 0 0 0 0 0 0 0 0 0 0 0 0 0 0 0 0 0 Fydan~ 16 47 1 1 1 2 1 71107 None~
B   7 Lumberyard~ 1 1 1 1 45 45 45 45 -1 0 0 0 0 0 0 0 0 0 0 0 0 0 0 0 0 0 0 Fydan~ 16 48 1 1 1 2 1 81644 None~
B   7 Lumberyard~ 1 1 1 1 45 45 45 45 -1 0 0 0 0 0 0 0 0 0 0 0 0 0 0 0 0 0 0 Fydan~ 15 47 1 1 1 2 1 83092 None~
B   7 Lumberyard~ 1 1 1 1 45 45 45 45 -1 0 0 0 0 0 0 0 0 0 0 0 0 0 0 0 0 0 0 Fydan~ 17 47 1 1 1 2 2 46650 None~
B   5 Mine~ 1 1 1 1 60 60 30 30 0 0 0 0 0 0 0 0 0 0 0 0 0 0 0 0 0 0 0 Fydan~ 15 48 1 1 1 2 2 84450 None~
B   5 Mine~ 1 0 1 0 60 60 30 30 0 0 0 0 0 0 0 0 0 0 0 0 0 0 0 0 0 0 0 Fydan~ 16 49 1 1 1 2 1 32147 None~
B   5 Mine~ 1 0 1 1 60 60 30 30 0 0 0 0 0 0 0 0 0 0 0 0 0 0 0 0 0 0 0 Fydan~ 17 48 1 1 1 2 2 65701 None~
B   5 Mine~ 1 0 0 1 60 60 30 30 0 0 0 0 0 0 0 0 0 0 0 0 0 0 0 0 0 0 0 Fydan~ 18 47 1 1 1 2 1 72897 None~
B   5 Mine~ 1 1 1 1 60 60 30 30 0 0 0 0 0 0 0 0 0 0 0 0 0 0 0 0 0 0 0 Fydan~ 14 48 1 1 1 2 2 12677 None~
B   5 Mine~ 1 1 1 0 60 60 30 30 0 0 0 0 0 0 0 0 0 0 0 0 0 0 0 0 0 0 0 Fydan~ 13 48 1 1 1 2 1 40073 None~
B   58 Tunnel~ 1 1 1 1 211 211 170 170 0 0 0 0 0 0 0 0 0 0 0 0 0 0 0 0 0 0 0 Fydan~ 14 47 1 5 1 2 1 86863 None~
B   2 Armory~ 1 1 1 1 91 91 39 39 0 0 0 0 0 0 0 0 0 0 0 0 0 0 0 0 0 0 0 Fydan~ 15 46 1 2 1 2 2 80816 None~
B   23 Warehouse~ 1 0 0 0 40 40 250 250 0 0 0 0 0 0 0 0 0 0 0 0 0 0 0 0 0 0 0 Fydan~ 14 48 0 1 1 2 2 63151 None~
B   103 Gatherer~ 1 1 1 1 60 60 30 30 0 0 0 0 0 0 0 0 0 0 0 0 0 0 0 0 0 0 0 Fydan~ 14 46 1 1 1 2 2 41549 None~
B   25 Forge~ 1 1 1 1 80 80 40 40 0 0 0 0 0 0 0 0 0 0 0 0 0 0 0 0 0 0 0 Fydan~ 16 46 1 1 1 2 1 28940 None~
B   8 Tannery~ 1 0 1 1 50 50 35 35 0 0 0 0 0 0 0 0 0 0 0 0 0 0 0 0 0 0 0 Fydan~ 17 46 1 1 1 2 1 48540 None~
B   6 Storage~ 1 1 0 1 118 118 67 67 0 0 0 0 0 0 0 0 0 0 0 0 0 0 0 0 0 0 0 Fydan~ 15 45 1 3 1 2 1 25319 None~
B   7 Lumberyard~ 1 1 1 1 45 45 45 45 -1 0 0 0 0 0 0 0 0 0 0 0 0 0 0 0 0 0 0 Fydan~ 13 47 1 1 1 2 2 78500 None~
B   27 Armorer~ 1 0 0 1 135 135 75 75 0 0 0 0 0 0 0 0 0 0 0 0 0 0 0 0 0 0 0 Fydan~ 17 45 1 3 1 2 1 86809 Fydan~
B   14 Bio Lab~ 1 1 0 1 520 520 260 260 0 0 0 0 0 0 0 0 0 0 0 0 0 0 0 0 0 0 0 Fydan~ 16 45 1 2 1 2 1 58700 None~
B   19 Medical Center~ 1 1 0 1 70 70 48 48 0 0 0 0 0 0 0 0 0 0 0 0 0 0 0 0 0 0 0 Fydan~ 14 45 1 1 1 2 1 93240 None~
B   33 Cookie Factory~ 1 1 0 0 169 169 101 101 0 16384 0 0 0 0 0 0 0 0 0 0 0 0 0 0 0 0 0 Fydan~ 13 45 1 3 1 2 2 30212 None~
B   5 Mine~ 1 1 0 1 60 60 30 30 0 0 0 0 0 0 0 0 0 0 0 0 0 0 0 0 0 0 0 Fydan~ 12 47 1 1 1 2 1 68700 None~
B   4 Quarry~ 1 0 0 0 50 50 20 20 0 0 0 0 0 0 0 0 0 0 0 0 0 0 0 0 0 0 0 Fydan~ 14 46 0 1 1 2 1 96319 None~
B   54 Cloning Facility~ 1 1 1 0 200 1 150 0 0 0 0 0 0 0 0 0 0 0 0 -677 -11 15 89 62 350 5 -7 Fydan~ 13 46 1 1 1 2 2 16414 None~
B   5 Mine~ 1 1 1 1 102 102 50 50 0 16384 0 0 0 0 0 0 0 0 0 0 0 0 0 0 0 0 0 Flestiraef~ 990 3 1 2 1 2 1 23465 None~
B   7 Lumberyard~ 1 1 1 1 97 97 97 97 7 16384 0 0 0 0 0 0 0 0 0 0 0 0 0 0 0 0 0 Flestiraef~ 990 4 1 3 1 2 2 21152 None~
B   8 Tannery~ 1 1 1 1 144 144 97 97 0 16384 0 0 0 0 0 0 0 0 0 0 0 0 0 0 0 0 0 Flestiraef~ 991 5 1 4 1 2 1 19221 None~
B   8 Tannery~ 1 1 1 1 111 111 75 75 0 16384 0 0 0 0 0 0 0 0 0 0 0 0 0 0 0 0 0 Flestiraef~ 992 5 1 3 1 2 2 75775 None~
B   58 Tunnel~ 1 0 1 0 279 279 225 225 0 16384 0 0 0 0 0 0 0 0 0 0 0 0 0 0 0 0 0 Flestiraef~ 992 6 1 5 1 2 1 26743 None~
B   1 Headquarters~ 1 1 1 1 2922 2922 2922 2922 0 16384 0 0 0 0 0 0 0 0 0 0 0 0 0 0 0 0 0 Flestiraef~ 996 3 1 4 1 2 1 80910 None~
B   2 Armory~ 1 1 0 1 157 157 64 64 0 0 0 0 0 0 0 0 0 0 0 0 0 0 0 0 0 0 0 Flestiraef~ 992 3 1 3 1 2 1 26143 None~
B   5 Mine~ 1 1 0 1 173 173 85 85 2 0 0 0 0 0 0 0 0 0 0 0 0 0 0 0 0 0 0 Flestiraef~ 989 3 1 4 1 2 2 50791 None~
B   5 Mine~ 1 1 0 0 133 133 64 64 0 0 0 0 0 0 0 0 0 0 0 0 0 0 0 0 0 0 0 Flestiraef~ 988 3 1 3 1 2 2 81868 None~
B   5 Mine~ 1 1 1 1 172 172 83 83 0 0 0 0 0 0 0 0 0 0 0 0 0 0 0 0 0 0 0 Flestiraef~ 988 4 1 4 1 2 2 77836 None~
B   5 Mine~ 1 1 1 1 172 172 83 83 0 0 0 0 0 0 0 0 0 0 0 0 0 0 0 0 0 0 0 Flestiraef~ 989 4 1 4 1 2 1 66623 None~
B   23 Warehouse~ 1 0 0 1 114 114 726 726 0 0 0 0 0 0 0 0 0 0 0 0 0 0 0 0 0 0 0 Flestiraef~ 993 3 1 4 1 2 2 12619 None~
B   4 Quarry~ 1 1 1 0 144 144 55 55 0 0 0 0 0 0 0 0 0 0 0 0 0 0 0 0 0 0 0 Flestiraef~ 988 5 1 4 1 2 2 58519 None~
B   4 Quarry~ 1 1 1 1 111 111 42 42 0 0 0 0 0 0 0 0 0 0 0 0 0 0 0 0 0 0 0 Flestiraef~ 989 5 1 3 1 2 2 93611 None~
B   4 Quarry~ 1 1 1 1 85 85 34 34 0 0 0 0 0 0 0 0 0 0 0 0 0 0 0 0 0 0 0 Flestiraef~ 990 5 1 2 1 2 2 85462 None~
B   25 Forge~ 1 0 1 1 178 178 89 89 0 0 0 0 0 0 0 0 0 0 0 0 0 0 0 0 0 0 0 Flestiraef~ 993 5 1 3 1 2 2 98941 None~
B   7 Lumberyard~ 1 1 0 1 75 75 75 75 -1 0 0 0 0 0 0 0 0 0 0 0 0 0 0 0 0 0 0 Flestiraef~ 991 3 1 2 1 2 1 97842 None~
B   5 Mine~ 1 1 0 0 172 172 83 83 0 0 0 0 0 0 0 0 0 0 0 0 0 0 0 0 0 0 0 Flestiraef~ 987 4 1 4 1 2 1 23185 None~
B   79 Secure Warehouse~ 1 0 1 1 172 172 431 431 0 0 0 0 0 0 0 0 0 0 0 0 0 0 0 0 0 0 0 Flestiraef~ 993 4 1 2 1 2 2 56681 None~
B   103 Gatherer~ 1 1 1 0 102 102 50 50 0 0 0 0 0 0 0 0 0 0 0 0 0 0 0 0 0 0 0 Flestiraef~ 992 4 1 2 1 2 1 98413 None~
B   4 Quarry~ 1 1 0 0 50 50 20 20 0 0 0 0 0 0 0 0 0 0 0 0 0 0 0 0 0 0 0 Fydan~ 11 47 1 1 1 2 1 91197 None~
B   1 Headquarters~ 1 0 1 1 1000 1000 1000 1000 0 0 0 0 0 0 0 0 0 0 0 0 0 0 0 0 0 0 0 Doseki~ 727 748 1 1 1 2 2 63798 None~
B   5 Mine~ 1 0 1 1 60 60 30 30 0 0 0 0 0 0 0 0 0 0 0 0 0 0 0 0 0 0 0 Doseki~ 726 749 1 1 1 2 2 96477 None~
B   7 Lumberyard~ 1 1 0 1 45 45 45 45 -1 0 0 0 0 0 0 0 0 0 0 0 0 0 0 0 0 0 0 Doseki~ 727 747 1 1 1 2 1 31173 None~
B   7 Lumberyard~ 1 1 1 1 45 45 45 45 -1 0 0 0 0 0 0 0 0 0 0 0 0 0 0 0 0 0 0 Doseki~ 726 748 1 1 1 2 2 23098 None~
B   7 Lumberyard~ 1 1 1 0 58 58 58 58 -1 0 0 0 0 0 0 0 0 0 0 0 0 0 0 0 0 0 0 Doseki~ 725 749 1 2 1 2 2 58128 None~
B   5 Mine~ 1 1 1 0 78 78 39 39 0 0 0 0 0 0 0 0 0 0 0 0 0 0 0 0 0 0 0 Doseki~ 725 748 1 2 1 2 1 65524 None~
B   8 Tannery~ 1 1 1 0 50 50 35 35 0 0 0 0 0 0 0 0 0 0 0 0 0 0 0 0 0 0 0 Doseki~ 725 747 1 1 1 2 2 46558 None~
B   5 Mine~ 1 1 1 0 60 60 30 30 0 0 0 0 0 0 0 0 0 0 0 0 0 0 0 0 0 0 0 Doseki~ 725 746 1 1 1 2 2 22816 None~
B   5 Mine~ 1 1 1 1 78 78 39 39 0 0 0 0 0 0 0 0 0 0 0 0 0 0 0 0 0 0 0 Doseki~ 726 747 1 2 1 2 2 39238 None~
B   5 Mine~ 1 0 1 0 60 60 30 30 0 0 0 0 0 0 0 0 0 0 0 0 0 0 0 0 0 0 0 Doseki~ 726 750 1 1 1 2 1 24311 None~
B   5 Mine~ 1 0 0 0 78 78 39 39 0 0 0 0 0 0 0 0 0 0 0 0 0 0 0 0 0 0 0 Doseki~ 725 745 1 2 1 2 1 80000 None~
B   5 Mine~ 1 0 0 0 60 60 30 30 0 0 0 0 0 0 0 0 0 0 0 0 0 0 0 0 0 0 0 Doseki~ 725 743 1 1 1 2 1 75132 None~
B   5 Mine~ 1 0 0 0 78 78 39 39 0 0 0 0 0 0 0 0 0 0 0 0 0 0 0 0 0 0 0 Doseki~ 726 744 1 2 1 2 1 51772 None~
B   2 Armory~ 1 0 0 0 91 91 39 39 0 0 0 0 0 0 0 0 0 0 0 0 0 0 0 0 0 0 0 Doseki~ 728 749 1 2 1 2 1 15229 None~
B   23 Warehouse~ 1 0 1 1 52 52 325 325 0 0 0 0 0 0 0 0 0 0 0 0 0 0 0 0 0 0 0 Doseki~ 728 747 1 2 1 2 2 32852 None~
B   103 Gatherer~ 1 0 0 0 60 60 30 30 0 0 0 0 0 0 0 0 0 0 0 0 0 0 0 0 0 0 0 Doseki~ 728 746 1 1 1 2 1 37731 None~
B   7 Lumberyard~ 1 0 0 1 58 58 58 58 -1 0 0 0 0 0 0 0 0 0 0 0 0 0 0 0 0 0 0 Doseki~ 726 746 1 2 1 2 1 39836 None~
B   23 Warehouse~ 1 0 0 0 52 52 325 325 0 0 0 0 0 0 0 0 0 0 0 0 0 0 0 0 0 0 0 Doseki~ 717 748 1 2 1 2 2 38882 None~
B   76 Defense Lab~ 1 0 0 0 520 520 260 260 0 0 0 0 0 0 0 0 0 0 0 0 0 0 0 0 0 0 0 Doseki~ 723 748 1 2 1 2 1 62558 None~
#DONE